$ANSIBLE_VAULT;1.1;AES256
66623939306134363938643036656634393562363331326364636363633931646565623964643863
3631333161373665363366613664656162333634323563340a383333643432323933663365396233
61303037653030393130653561333138373733396561643333333335326639613239613966633835
6639623065376236320a653737616435326535323738653233353638316466663637376330386236
37663332376334656334613563633237653162623963636633323830316561363435656666363737
61346434613535366564653731356636383037396566336138613934326430636533616536323333
63646330643935343533383862393236666537363962633236303365633661393262363963323034
65646462636634306466323138613962653566393264303666613037653137313438383730626133
31616335313337613366306164393434663038623936363938653936346663356266356434366639
38303034623430396637383039323364653566636535306233633132633034666633346434346234
33373230393333323232623030383333343530383738663064383166663835313135656437636362
39336235663838373061306636316633383964633132366233383365663831346439333162646537
6232
