$ANSIBLE_VAULT;1.1;AES256
65356338303663366536656335363930343437366238383763613233356233663734323131633533
3838303761303035353930646362623363306564653632610a653364376338323063643765623631
35353563336631646563643039633832396163616665323966633032643731343263613163663230
6636363039656463360a323565383462633238323832353430333737363637386364656262346434
30343038613265386333626361313332356236363462343739393331366665343435383435636666
64613937653465333763353038393866656633616337633461613735666636316137343361353363
30643331313936653438633739333162393465396662633835393039356563386438323566613231
30613661333563373234323366343133643563366263306234373734323737346437303133363066
36393535396538336437613330643935316133363263623161326465616236633864613332373264
65633966346535373064313032306332343762353330656464306438633064613638313234316166
38316233626534353930656637376134323263343935383032636431353237356565326264343663
66313030613830396331616438623837356139323761623632326632653963343366306139306438
30373538656161356133313939386531616234336338313339386433303764626139356430633939
36333865633434373031616163373662633761303338333732303662323063626635613830303865
61623030396431376233396138313136323966353861633166346436663934393235353630656636
38633935636365366236363862383538376430653735623235623930386662313239326438643231
64613035623038353865336163653732353631346535373363376138633166643634353263323966
38343635653761396266303930333433333137383335623466376633363936373537663265316564
32316138643531633134373935646163366263653638386463303731393639633235643532336338
63333238613630303666633731393835663064613532373037663238383361303637346162323032
36386262313631343032393366653532643735373063666431643364616364306337633836373235
35303233396166386363333439363436366637666531613962623337333365613761616232343432
64353830313437336133386565616562663437336138643931353836363439653664353965373335
66386266376334353730636638396365386461373935613531303564636664353534616436326337
33653932636461663039613738326138643730303633353830333639353432666332303731313862
32396462643030613333633565663238643032646365323131336636303433613663343131336439
61336138626561376338663936303561616263633733373864326164323035306430653736396661
33326134366564636439333836643364663439613032353631653639646663623338393338616563
38376465363365393732373334323334316662653466613466333861663532333466323030343033
3832336338323433313861326635363838326537623937396239
