$ANSIBLE_VAULT;1.1;AES256
33353932393637646463303862393639336435326639343237383637353436323034303932326438
3932623737373064326262333731633534363832633065370a333930316561376331626430306231
31336366316336376435633032626466353732626462656166326165343536663362633762656539
6634393831343134640a613130646437393765646630303434633238623839303838313536393664
62323863656237643865333537333035666133356266396430313264336534646439613665646664
39316235336665323766336134333430373264373064396239383363623634373066636134386466
65333731643038393464353731623730373633616538613431333037613338343766623934376266
39343539313266396261636137343539313664336332353034313738356134643736376232343966
39626363336363353262613065396366333561663630633962613561383561613262613133366465
30636162313932346535363432313838663866383239643865623336346464303131323536663264
36636434333636306239313162323663646538333530666535633739376261346661363235373564
35356639633839626134356538653632326534373635356465343166353638313565316461636162
31356438623436626635626634343063363437333065613262366364383136326632323865383762
3139623032316664356364636538333961613966333238353365
