$ANSIBLE_VAULT;1.1;AES256
34333939383435396436363463386261643366383732653938613764313266333562393134373065
3737333865653032356439323135366437343663343030650a363766323333353861373731336261
30366232373337393765623065336633666330363130373064633231626531666165343964353963
3731343137663432330a646464353031663631646263383166303966646336333534393332623965
36623266306336623739343431313039386138636438356563353363373366303861393163653162
34376233613132323832656361623435393831643138623538633865643638363265373363383238
32346533623762623362323935393937656331623536656238303532346233353335346363353134
36363435653462363461333837303261616430623364326632666463356237656465306266373065
35633332353431666331333732393035386338343866666363633163363338323762353066336132
38666631626235326465303863366237373535613265313765346139363939623934643938333766
39653435393733616331613033653964376561363539393736376235383534343936323030623565
37343636393138336564366135643534636230303161653364373665303162643437336163663034
30313438313239316433663535306435626533336333383065313238306466303563366366356339
32396332643434323132386237356233643839303961663938663335643763363261613565303632
36363262316332646431373762373337643964373730323364613131363231346365636638333037
30393236346264353631306139356261636632313839626264396634316232643461633836363261
30316431326233343333303638376239313838616365333234653938396561396631656237353165
61386239653732646366643333643966373235343334643364316565376132313138626566616130
66333032363732663661643431326135383631326566383939653630663538316233363438616436
34363864646265646165643161373635303535633331663130363265393833366536306538303735
63633031373835333639343061656132643935313330336435336230656332623964386330636466
35336465656432636230613861336436623765323866663236666231653530356461363730633237
61336135343430303764643136633735306462306336653235386535383537363337626634316238
34663637653762656166313032346163633536363764383366663039663939643966653661323537
34623362636130356162303231323939343133323064373436623838306539623831343439333739
63613934396166303039623231323630383131396564366135373136613264393332313839383264
63313066633538643964376565316466626632616666313131356131626137326436323562353464
33323432666432333730616631386565646535653833303731323864373039366662323337363936
39303232633930316662373535326437613433643536363939616439373336623763346534373934
30356338653262363538666234343233623931313339623933316137663265313430636339636337
39333764646265306434383664356439646464333765336337303132366239626436373863663733
32353665616535616539633434393964303631643330613161633631616130376435616238396133
37333633633039646134366564313664366166383838646232386335303935663064333232386138
65393364366234333633623233393961653433346432653636303232306432326637653931313166
65646465626639643062643239313032373263326334323439393430333132663038376361383735
61313739663337366365666162643830376266636135653931323637633631303363386264353630
35336330343365643932323839373863613262363461313261326539363663643439336237306639
38303961386235333632343938383434326661343932363438663332383565616265363663366637
35373834316434373637336439326336653534326637313737643239386363316261323536383566
35383165383361356137303262366462396564663764376435613335373134623731653937386465
38633336303664653233613864376330646539633433373164636635653535373233623631346633
33336162396232373330646130326239636661626533393865393939633262613835356232373266
63376433363434616564623161646364663762316139303139336530643262366665663565623865
64306234336165383135653631643632323165396261653136346636326461323363343863666361
33386238326263393861323461366630313831653265653061383135326636643832613539363766
31626363303564343838633861613436623039663931656239313964316234393863376462626465
61383638336231366164303563613666653535633163653535656331323838373737393833323665
62616538333135383537663938313666363763316133363364323066633530653039356165663635
35353565623338386135373662356366353632616633376430353261353931663930363137383136
37383262656237333836353939663938633831373635356538336239356135323363376565393865
36353664343834356364613938646137333232343330333561323166623265313236656130383139
61653164623862663065376161353031366665366232316436393361373363343934396465393066
31653164376365626632633662653462336662633432323563393866383234316132316133663263
31313436356438366330636338353966643563333835653837643866633531366233393861666361
38613665343566313431376238663434383365616364333534623261323734343439306539663133
63636362363763383838646231306163373939626461653239643635303164303564323134313765
3331
